    0    0.00  
    0    0.00  
    0    0.00  
    0    0.00  
    0    0.00  
    0    0.00  
    0    0.00  
    0    0.00  
    0    0.00  
    0    0.00  
   40    0.19  
   82    0.40  
  121    0.59  
  154    0.75  
  179    0.87  
  194    0.94  
  198    0.96  
  190    0.92  
  171    0.83  
  141    0.68  
  102    0.49  
   57    0.27  
    8    0.03  
    0    0.00  
    0    0.00  
    0    0.00  
    0    0.00  
    0    0.00  
    0    0.00  
    0    0.00  
    0    0.00  
    0    0.00  
    0    0.00  
    0    0.00  
    0    0.00  
    2    0.00  
   51    0.24  
   97    0.47  
  136    0.66  
  167    0.81  
  187    0.91  
  195    0.95  
  191    0.93  
  175    0.85  
  148    0.72  
  111    0.54  
   68    0.33  
   20    0.09  
    0    0.00  
    0    0.00  
    0    0.00  
    0    0.00  
    0    0.00  
    0    0.00  
    0    0.00  
    0    0.00  
    0    0.00  
    0    0.00  
    0    0.00  
    0    0.00  
    6    0.02  
   54    0.26  
  100    0.48  
  139    0.67  
  170    0.83  
  190    0.92  
  199    0.97  
  195    0.95  
  179    0.87  
  153    0.74  
  116    0.56  
   73    0.35  
   25    0.12  
    0    0.00  
    0    0.00  
    0    0.00  
    0    0.00  
    0    0.00  
    0    0.00  
    0    0.00  
    0    0.00  
    0    0.00  
    0    0.00  
    0    0.00  
    0    0.00  
    1    0.00  
   50    0.24  
   96    0.46  
  136    0.66  
  167    0.81  
  188    0.91  
  198    0.96  
  195    0.95  
  181    0.88  
  155    0.75  
  120    0.58  
   77    0.37  
   29    0.14  
    0    0.00  
    0    0.00  
    0    0.00  
    0    0.00  
    0    0.00  
    0    0.00  
    0    0.00  
    0    0.00  
    0    0.00  
    0    0.00  
    0    0.00  
    0    0.00  
    0    0.00  
   47    0.22  
   93    0.45  
  133    0.64  
  166    0.81  
  188    0.91  
  198    0.96  
  196    0.95  
  182    0.88  
  157    0.76  
  122    0.59  
   79    0.38  
   32    0.15  
    0    0.00  
    0    0.00  
    0    0.00  
    0    0.00  
    0    0.00  
    0    0.00  
    0    0.00  
    0    0.00  
    0    0.00  
    0    0.00  
    0    0.00  
    0    0.00  
    0    0.00  
   44    0.21  
   91    0.44  
  131    0.63  
  164    0.80  
  187    0.91  
  198    0.96  
  196    0.95  
  183    0.89  
  159    0.77  
  124    0.60  
   82    0.40  
   35    0.17  
    0    0.00  
    0    0.00  
    0    0.00  
    0    0.00  
    0    0.00  
    0    0.00  
    0    0.00  
    0    